"benchstats" <-
structure(c(0, -1.870778486, -0.421014124726, 0.554986565, 0.27488635389, 
0, 0.465764570800778, 0.616829033048763, 0.554030326968078, 0.368474880159275, 
0, 0.0147287689714121, 0.0195058467135336, 0.0175199772602694, 
0.0116521988186090, 0, 0.0238148046787432, 0.0262946154148568, 
0.0191076335155862, 0.0129448273550398), .Dim = as.integer(c(5, 
4)), .Dimnames = list(c("b[1,1]", "b[1,2]", "b[1,3]", "b[1,4]", 
"b[1,5]"), c("Mean", "SD", "Naive SE", "Time-series SE")))
