"benchstats" <-
structure(c(-0.612023159822451, 0.0364082797356349, 13.4124014598000, 
27.7458560869999, 40.9964197499999, 5.27180149177774, 0.168087998262817, 
8.59199108272036, 7.41758203000775, 8.43452177525867, 0.0527180149177774, 
0.00168087998262817, 0.0859199108272036, 0.0741758203000775, 
0.0843452177525867, 0.0894434649687467, 0.00286318982996524, 
0.154120139865778, 0.129543297124219, 0.147994321854581), .Dim = as.integer(c(5, 
4)), .Dimnames = list(c("theta0", "theta[2]", "X[1]", "X[2]", 
"X[3]"), c("Mean", "SD", "Naive SE", "Time-series SE")))
