"eta" <- c(0,0,0,0,0)
"delta" <-  c(1,1,1,1,1)
