"benchstats" <-
structure(c(0.5345781815, 0.0287800754782132, 0.025825066670586, 
0.0327484617752981, 0.00025825066670586, 0.000327484617752981, 
0.000466971264972828, 0.000601654259217391), .Dim = as.integer(c(2, 
4)), .Dimnames = list(c("alpha", "x.change"), c("Mean", "SD", 
"Naive SE", "Time-series SE")))
