"benchstats" <-
structure(c(1.86734593050999, 2.65550706999999, 0.976866162000004, 
0.862622853, 0.0993965308999997, 0.288028864815654, 0.0738703034051412, 
0.0788082243785414, 0.0361326586182234, 0.0155265477362125, 0.00288028864815654, 
0.000738703034051412, 0.000788082243785414, 0.000361326586182234, 
0.000155265477362125, 0.00505762524854399, 0.00129773683846219, 
0.00135515901718672, 0.000634560717168502, 0.000184674606469514
), .Dim = as.integer(c(5, 4)), .Dimnames = list(c("U3", "alpha", 
"beta", "gamma", "sigma"), c("Mean", "SD", "Naive SE", "Time-series SE"
)))
