"benchstats" <-
structure(c(101.355886930000, 6.543125587, 204.337315, 249.613348800000, 
294.9184589, 340.197303499999, 3.76077448586106, 0.150166080960124, 
8.78577838295244, 10.0548990666074, 12.3236867955387, 14.9198969672696, 
0.0376077448586106, 0.00150166080960124, 0.0878577838295244, 
0.100548990666074, 0.123236867955387, 0.149198969672695, 0.0472146936851333, 
0.00238881773240121, 0.101464650184598, 0.136173472502403, 0.186563611373406, 
0.236919665020644), .Dim = as.integer(c(6, 4)), .Dimnames = list(
    c("alpha0", "beta.c", "Y[26,2]", "Y[26,3]", "Y[26,4]", "Y[26,5]"
    ), c("Mean", "SD", "Naive SE", "Time-series SE")))
