"alpha" <-
c(250, 250, 250, 250, 250, 250, 250, 250, 250, 250, 250, 250, 
250, 250, 250, 250, 250, 250, 250, 250, 250, 250, 250, 250, 250, 
250, 250, 250, 250, 250)
"beta" <-
c(6, 6, 6, 6, 6, 6, 6, 6, 6, 6, 6, 6, 6, 6, 6, 6, 6, 6, 6, 6, 
6, 6, 6, 6, 6, 6, 6, 6, 6, 6)
"alpha.c" <-
0
"beta.c" <-
2
"tau.c" <-
1
"tau.alpha" <-
1
"tau.beta" <-
1
