"N" <-
30
"T" <-
5
"x" <-
c(8, 15, 22, 29, 36)
"Y" <-
structure(c(151, 145, 147, 155, 135, 159, 141, 159, 177, 134, 
160, 143, 154, 171, 163, 160, 142, 156, 157, 152, 154, 139, 146, 
157, 132, 160, 169, 157, 137, 153, 199, 199, 214, 200, 188, 210, 
189, 201, 236, 182, 208, 188, 200, 221, 216, 207, 187, 203, 212, 
203, 205, 190, 191, 211, 185, NA, NA, NA, NA, NA, 246, 249, 263, 
237, 230, 252, 231, 248, 285, 220, 261, 220, 244, 270, 242, 248, 
234, 243, 259, 246, NA, NA, NA, NA, NA, NA, NA, NA, NA, NA, 283, 
293, 312, 272, 280, 298, 275, 297, 350, 260, NA, NA, NA, NA, 
NA, NA, NA, NA, NA, NA, NA, NA, NA, NA, NA, NA, NA, NA, NA, NA, 
320, 354, 328, 297, 323, NA, NA, NA, NA, NA, NA, NA, NA, NA, 
NA, NA, NA, NA, NA, NA, NA, NA, NA, NA, NA, NA, NA, NA, NA, NA
), .Dim = c(30, 5))
