"benchstats" <-
structure(c(0.571914840969999, 0.6445696277, 0.385128215899999, 
0.143857530415474, 0.177660552486358, 0.0637914441007439, 0.00143857530415474, 
0.00177660552486358, 0.000637914441007439, 0.00184452304555932, 
0.00235126125425839, 0.000845793980743727), .Dim = as.integer(c(3, 
4)), .Dimnames = list(c("theta", "beta", "p"), c("Mean", "SD", 
"Naive SE", "Time-series SE")))
