"delta" <- 0
"alpha" <- 0
"state" <- c(0,0,0,0,0,0,0,0,0,0,0,0)
