"benchstats" <-
structure(c(1527.56852, 3042.44997500001, 2167.10592327016, 0.334602909528699, 
21.3952772745395, 1066.22807536413, 3108.27390518326, 0.241399354005255, 
0.478412943833268, 23.8415845603296, 69.503117446785, 0.00539785365280285, 
0.518994073152718, 27.2796486124696, 71.8877553203144, 0.0065916991537614
), .Dim = as.integer(c(4, 4)), .Dimnames = list(c("theta", "sigma2.within", 
"sigma2.between", "f.between"), c("Mean", "SD", "Naive SE", "Time-series SE"
)))
