"benchstats" <-
structure(c(50.08387045, 1.85784347270001, 26.9668902972881, 
3.42603775578941, -0.0896110961939671, 6.71507137599998, 6.51329213199996, 
6.09860232600002, 5.855987637, 6.51329213199996, 6.842015107, 
6.50704263499999, 6.26477060999997, 6.09860232600002, 6.50704263499999, 
7.355745331, 7.332878382, 5.855987637, 6.26477060999997, 7.332878382, 
7.936356084, 48.6400815899999, 49.61380941, 50.5427307699999, 
51.42684669, 543.014953200001, 90.2356809700001, 0.573974274369994, 
0.229993510656724, 17.4356015575509, 4.01597986574247, 0.230387322849283, 
2.35503192857328, 2.32998931946838, 2.30299361924502, 2.31379023913499, 
2.32998931946838, 2.40175224177121, 2.38769250138357, 2.39612628543219, 
2.30299361924502, 2.38769250138357, 2.58411764544802, 2.63248808831777, 
2.31379023913499, 2.39612628543219, 2.63248808831777, 2.80006067573235, 
0.569177393848911, 0.569352840829119, 0.578357790319772, 0.602230693322619, 
38.9762691931723, 5.05960299423332, 0.00573974274369994, 0.00229993510656724, 
0.174356015575509, 0.0401597986574247, 0.00230387322849283, 0.0235503192857329, 
0.0232998931946838, 0.0230299361924502, 0.0231379023913499, 0.0232998931946838, 
0.0240175224177121, 0.0238769250138357, 0.0239612628543219, 0.0230299361924502, 
0.0238769250138357, 0.0258411764544802, 0.0263248808831777, 0.0231379023913499, 
0.0239612628543219, 0.0263248808831777, 0.0280006067573235, 0.00569177393848911, 
0.00569352840829119, 0.00578357790319772, 0.00602230693322619, 
0.389762691931723, 0.0505960299423332, 0.00900977241879867, 0.003403981167982, 
0.273232556044873, 0.0638124957827196, 0.00368298075080471, 0.0258017608743857, 
0.0256718125867027, 0.0252232517241553, 0.0253462866144817, 0.0256718125867027, 
0.0265075032449775, 0.02624458736551, 0.0263783200625456, 0.0252232517241553, 
0.02624458736551, 0.0281021556055167, 0.0286106746101214, 0.0253462866144817, 
0.0263783200625456, 0.0286106746101214, 0.0304555686843412, 0.00814420375957512, 
0.0088008207015062, 0.00910425932836118, 0.0092752574685129, 
0.660975497359458, 0.0639091018380833), .Dim = as.integer(c(27, 
4)), .Dimnames = list(c("beta0", "beta1", "beta0.uncentred", 
"beta1.uncentred", "beta2", "Sigma2[1,1]", "Sigma2[2,1]", "Sigma2[3,1]", 
"Sigma2[4,1]", "Sigma2[1,2]", "Sigma2[2,2]", "Sigma2[3,2]", "Sigma2[4,2]", 
"Sigma2[1,3]", "Sigma2[2,3]", "Sigma2[3,3]", "Sigma2[4,3]", "Sigma2[1,4]", 
"Sigma2[2,4]", "Sigma2[3,4]", "Sigma2[4,4]", "mu[1]", "mu[2]", 
"mu[3]", "mu[4]", "RSS", "deviance"), c("Mean", "SD", "Naive SE", 
"Time-series SE")))
