"tau" <- 1
"alpha" <- c(NA,0,0,0,0,0,0,0,0,0,0,0,0)
"beta" <- c(0.05,0.1,0,0,0,0,0,0,0,0,0)



