"benchstats" <-
structure(c(0.624135882290002, 0.0618, 0.160675550748061, 0.240803983887031, 
0.00160675550748061, 0.00240803983887031, 0.00162052442426239, 
0.00233260390635399), .Dim = as.integer(c(2, 4)), .Dimnames = list(
    c("p", "i[3]"), c("Mean", "SD", "Naive SE", "Time-series SE"
    )))
