"benchstats" <-
structure(c(0.5994429576, 0.400557042185, 536.804023499999, 548.768464000001, 
3.83709772, 0.0990720457214025, 0.0990720430764442, 1.03330045623922, 
1.48279418598907, 0.79060374359289, 0.00221531828903023, 0.00221531822988717, 
0.0231053006133244, 0.0331562859651304, 0.0176784371393952, 0.00249303573471148, 
0.00249303558687303, 0.0256899148269664, 0.0415524434234884, 
0.0248596861678153), .Dim = as.integer(c(5, 4)), .Dimnames = list(
    c("P[1]", "P[2]", "lambda[1]", "lambda[2]", "sigma"), c("Mean", 
    "SD", "Naive SE", "Time-series SE")))
