"lambda" <- c(535,NA)
"theta" <- 5
"tau" <-  0.1
"T" <- c(1,2,1,2,1,2,1,2,1,2,1,2,1,2,1,2,1,2,1,2,1,2,1,2,
         1,2,1,2,1,2,1,2,1,2,1,2,1,2,1,2,1,2,1,2,1,2,1,2)
