"benchstats" <-
structure(c(-0.539476775475999, 0.07290450460916, 1.35044335, 
-0.844483570011201, 0.323519511414800, 0.207440930774014, 0.328489794013564, 
0.295719905235092, 0.448870644563235, 0.140288130442534, 0.00414881861548028, 
0.00656979588027128, 0.00591439810470183, 0.00897741289126469, 
0.00280576260885068, 0.00630165833669905, 0.00971581783944712, 
0.0092679340320048, 0.0137654777046475, 0.00342598104762198), .Dim = as.integer(c(5, 
4)), .Dimnames = list(c("alpha0", "alpha1", "alpha2", "alpha12", 
"sigma"), c("Mean", "SD", "Naive SE", "Time-series SE")))
