"benchstats" <-
structure(c(-0.552304863299799, 0.072979745123, 1.37224430211999, 
-0.849563479037, 0.349196386760000, 0.214112856487971, 0.342843033382582, 
0.307108951148868, 0.482850197402199, 0.154502287505980, 0.00302801305523733, 
0.00484853267574779, 0.00434317643840906, 0.00682853297760715, 
0.00218499230408625, 0.00465298450024572, 0.0073970717771974, 
0.00680046848604164, 0.0105763188062271, 0.00339665486799047), .Dim = as.integer(c(5, 
4)), .Dimnames = list(c("alpha0", "alpha1", "alpha2", "alpha12", 
"sigma"), c("Mean", "SD", "Naive SE", "Time-series SE")))
