"benchstats" <-
structure(c(-0.564078382644001, 0.0920855170792, 1.38559145800000, 
-0.872653875456001, 0.3511402553112, 0.212653899600968, 0.326121153971964, 
0.293199209694739, 0.460192694513136, 0.151716683354040, 0.00425307799201936, 
0.00652242307943928, 0.00586398419389477, 0.00920385389026273, 
0.00303433366708080, 0.0065192903924603, 0.00950054380263277, 
0.00896634961209464, 0.0135709752729569, 0.00365072408479954), .Dim = as.integer(c(5, 
4)), .Dimnames = list(c("alpha0", "alpha1", "alpha2", "alpha12", 
"sigma"), c("Mean", "SD", "Naive SE", "Time-series SE")))
