"alpha" <-
1
"beta" <-
1
"theta" <-
c(0.1, 0.1, 0.1, 0.1, 0.1, 0.1, 0.1, 0.1, 0.1, 0.1)
