"benchstats" <-
structure(c(2.1687819926, 0.310451635378, -0.0009683887881574, 
0.288663430399999, 110.31680464, 0.391071386087864, 0.107950146763554, 
0.000479878954427665, 0.0841914526156086, 5.91394764040376, 0.00553058458061503, 
0.00152664561613184, 6.78651325649025e-06, 0.00119064694124885, 
0.0836358496022336, 0.0114986840074569, 0.00347202136199811, 
1.60989956316243e-05, 0.00307070401278235, 0.109009968730892), .Dim = as.integer(c(5, 
4)), .Dimnames = list(c("alpha", "beta", "gamma", "sigma", "deviance"
), c("Mean", "SD", "Naive SE", "Time-series SE")))
