"benchstats" <-
structure(c(2.1610017678, 0.314888602448, -0.000993973359687598, 
0.25932381884, 111.005399920000, 0.353383417594079, 0.0954336057567014, 
0.000427021991996785, 0.0781208477848897, 6.35469367901355, 0.00499759621879302, 
0.00134963499567294, 6.03900292513429e-06, 0.00110479562441475, 
0.0898689398558755, 0.00949065535819535, 0.00278349689804673, 
1.25799268985875e-05, 0.00140968106311918, 0.0968773787376773
), .Dim = as.integer(c(5, 4)), .Dimnames = list(c("alpha", "beta", 
"gamma", "sigma", "deviance"), c("Mean", "SD", "Naive SE", "Time-series SE"
)))
