"benchstats" <-
structure(c(242.66551, 6.18540782, 14.6722047600000, 0.509244204999999, 
0.6412921456, 106.5865509, 2.69616405185117, 0.105350017494226, 
1.98887619549935, 0.0861279920212737, 0.135417660268152, 2.48747439083989, 
0.08526019349318, 0.00333146006820337, 0.0628937876186827, 0.00272360625084034, 
0.00428228241858249, 0.0786608469639393, 0.0951733845257033, 
0.00338454185266790, 0.0556667040982965, 0.00261766818202372, 
0.00411422261392546, 0.0802857436570838), .Dim = as.integer(c(6, 
4)), .Dimnames = list(c("mu.beta[1]", "mu.beta[2]", "sigma.beta[1]", 
"sigma.beta[2]", "r", "alpha0"), c("Mean", "SD", "Naive SE", 
"Time-series SE")))
