"benchstats" <-
structure(c(242.512301, 6.18512567, 14.62717345, 0.520233164000001, 
106.4395322, 2.78066951206617, 0.109256069818309, 2.13646517674223, 
0.0924889008546236, 3.77407571491950, 0.0879324907831817, 0.00345498028824236, 
0.0675609610013966, 0.00292475584986104, 0.119346753210739, 0.0860682334793566, 
0.00360807992251437, 0.0721127921975163, 0.00289234950238049, 
0.122620537131395), .Dim = as.integer(c(5, 4)), .Dimnames = list(
    c("mu.beta[1]", "mu.beta[2]", "sigma.beta[1]", "sigma.beta[2]", 
    "alpha0"), c("Mean", "SD", "Naive SE", "Time-series SE")))
