"benchstats" <-
structure(c(-0.240132002598000, -0.245208930790601, 0.73370635672, 
0.257287216245156, 1.17803384757472, 0.872850799145309, 0.00363859070639119, 
0.0166599144417473, 0.0123439743807949, 0.00431558173652028, 
0.0170285034618671, 0.0152254432668114), .Dim = as.integer(c(3, 
4)), .Dimnames = list(c("d", "delta.new", "sigma"), c("Mean", 
"SD", "Naive SE", "Time-series SE")))
