"benchstats" <-
structure(c(-0.23204102101, -0.263648382132, 0.185695176100, 
0.104203323304632, 0.566292620568805, 0.119054449455133, 0.00329519841401541, 
0.0179077450314294, 0.00376483225855613, 0.00340734497609960, 
0.0176326420872072, 0.0039840930701565), .Dim = as.integer(c(3, 
4)), .Dimnames = list(c("d", "delta.new", "sigma"), c("Mean", 
"SD", "Naive SE", "Time-series SE")))
