"benchstats" <-
structure(c(0.9940944383, 0.9985, 0.107993561989999, 0.140971934020000, 
0.0503853244807424, 0.038702710369934, 0.0318072686978664, 0.0522499033983419, 
0.000503853244807424, 0.00038702710369934, 0.000318072686978664, 
0.000522499033983419, 0.000496560273546467, 0.000386045689209867, 
0.000546941378452105, 0.000806677796773217), .Dim = as.integer(c(4, 
4)), .Dimnames = list(c("theta", "equivalence", "sigma[1]", "sigma[2]"
), c("Mean", "SD", "Naive SE", "Time-series SE")))
